FileVersion 1 2;
FileTimestamp 11-21-19 17:29:30;
InspectionStationID "KLA_TENCOR" "KLA2139" "E1171";
SampleType WAFER;
ResultTimestamp 11-21-19 12:11:52;
LotID "F19310002.F1";
SampleSize 1 200;
DeviceID "SH01T";
SetupID "SH01T_POLY" 11-21-19 12:09:28;
StepID "POLY";
ResultsID "F19310002.F1";
SampleOrientationMarkType NOTCH;
OrientationMarkLocation DOWN;
DiePitch 21919.4 21919.6;
DieOrigin 0 0;
WaferID "01";
Slot 1;
SampleCenterLocation 21988.9 -3025.77;
InspectionTest 1;
SampleTestPlan 46
  2 -4 
  1 -4 
  0 -4 
  -1 -4 
  3 -3 
  2 -3 
  1 -3 
  0 -3 
  -1 -3 
  -2 -3 
  4 -2 
  3 -2 
  2 -2 
  1 -2 
  0 -2 
  -1 -2 
  -2 -2 
  -3 -2 
  4 -1 
  3 -1 
  2 -1 
  1 -1 
  0 -1 
  -1 -1 
  -2 -1 
  -3 -1 
  4 0 
  3 0 
  2 0 
  1 0 
  0 0 
  -1 0 
  -2 0 
  -3 0 
  3 1 
  2 1 
  1 1 
  0 1 
  -1 1 
  -2 1 
  3 2 
  2 2 
  1 2 
  0 2 
  -1 2 
  -2 2 ;
AreaPerTest 2.26491e+009;
TestParametersSpec 2
  PIXELSIZE    SAMPLEPERCENTAGE  ;
TestParametersList
  0.25    0  ;
DefectClusterSpec 3
  THRESHOLD    MINSIZE    MERGETOL  ;
DefectClusterSetup 
  0    3    3  ;
DefectRecordSpec 19 DEFECTID X Y XREL YREL XINDEX YINDEX XSIZE YSIZE DEFECTAREA DSIZE CLASSNUMBER TEST CLUSTERNUMBER ROUGHBINNUMBER FINEBINNUMBER REVIEWSAMPLE IMAGECOUNT IMAGELIST ;
DefectList
 1 47007.839 67341.203 3238.607 20476.268 3 2 1.997 2.993 0.568 0.753 0 1 2 0 0 1 0 0
 2 47003.218 67338.828 3233.986 20473.893 3 2 1.248 1.746 1.373 1.171 0 1 2 0 0 1 0 0
 3 46785.410 67113.640 3016.177 20248.706 3 2 1.498 0.498 0.354 0.498 0 1 2 0 0 1 0 0
 4 -60978.570 65030.441 4849.048 18165.507 -2 2 0.499 0.498 0.183 0.427 0 1 0 0 0 1 0 0
 5 -38916.023 61663.847 4992.224 14798.913 -1 2 0.749 0.498 0.242 0.491 0 1 0 0 0 1 0 0
 6 -19545.285 43892.035 2443.592 18946.683 0 1 0.749 0.249 0.183 0.249 0 1 0 0 0 1 0 0
 7 -19532.800 43893.656 2456.077 18948.304 0 1 0.749 0.498 0.202 0.449 0 1 0 0 0 1 0 0
 8 -17723.863 23319.496 4265.014 20293.727 0 0 0.249 0.498 0.183 0.249 0 1 0 0 0 1 0 0
 9 53215.199 22136.658 9445.966 19110.889 3 0 0.499 0.997 0.221 0.470 0 1 0 0 0 1 0 0
 10 -62427.046 21154.236 3400.571 18128.467 -2 0 0.998 1.995 0.307 0.553 0 1 0 0 0 1 0 0
 11 -85566.281 20531.619 2180.707 17505.850 -3 0 0.499 0.498 0.263 0.498 0 1 0 0 0 1 0 0
 12 -55929.667 -1085.820 9897.950 17807.993 -2 -1 0.998 0.997 0.403 0.634 0 1 0 0 0 1 0 0
 13 -13691.586 -2804.225 8297.291 16089.588 0 -1 0.499 0.748 0.263 0.499 0 1 0 0 0 1 0 0
 14 -58413.746 -3776.420 7413.872 15117.394 -2 -1 0.749 1.247 0.403 0.634 0 1 0 0 0 1 0 0
 15 -78674.296 -8928.348 9072.691 9965.465 -3 -1 0.749 0.748 0.263 0.512 0 1 0 0 0 1 0 0
 16 -85399.195 -20055.150 2347.793 20758.246 -3 -2 0.998 1.247 0.429 0.654 0 1 0 0 0 1 0 0
 17 87106.796 -33746.019 21418.194 7067.377 4 -2 0.749 2.244 0.483 0.694 0 1 0 0 0 1 0 0
 18 87117.531 -33772.207 21428.928 7041.189 4 -2 1.248 2.244 0.403 0.634 0 1 0 0 0 1 0 0
 19 -57581.074 -46289.242 8246.544 16443.737 -2 -3 0.499 0.748 0.202 0.449 0 1 0 0 0 1 0 0
 20 -12397.730 -65555.890 9591.147 19096.671 0 -4 0.249 0.249 0.165 0.249 0 1 0 0 0 1 0 0
 21 7429.060 -66655.125 7498.567 17997.437 1 -4 1.997 1.995 0.539 0.734 0 1 0 0 0 1 0 0
 22 -42234.582 -67320.437 1673.666 17332.125 -1 -4 1.498 1.247 0.429 0.654 0 1 1 0 0 1 0 0
 23 -42238.828 -67321.312 1669.420 17331.250 -1 -4 0.499 0.498 0.330 0.498 0 1 1 0 0 1 0 0
 24 -42328.582 -67336.531 1579.666 17316.031 -1 -4 1.747 2.494 3.335 1.747 0 1 1 0 0 1 0 0
 25 -42335.074 -67337.156 1573.173 17315.406 -1 -4 4.244 2.244 4.806 2.192 0 1 1 0 0 0 0 0;
SummarySpec 5
  TESTNO    NDEFECT    DEFDENSITY    NDIE    NDEFDIE  ;
SummaryList 
  1    25    1.104    46    17  ;
EndOfFile;
