FileVersion 1 2;
FileTimestamp 11-21-19 17:33:30;
InspectionStationID "KLA_TENCOR" "KLA2139" "E1171";
SampleType WAFER;
ResultTimestamp 11-21-19 12:11:52;
LotID "F19310002.F1";
SampleSize 1 200;
DeviceID "SH01T";
SetupID "SH01T_POLY" 11-21-19 12:09:28;
StepID "POLY";
ResultsID "F19310002.F1";
SampleOrientationMarkType NOTCH;
OrientationMarkLocation DOWN;
DiePitch 21919.4 21919.6;
DieOrigin 0 0;
WaferID "14";
Slot 14;
SampleCenterLocation 21988.9 -3025.77;
InspectionTest 1;
SampleTestPlan 46
  2 -4 
  1 -4 
  0 -4 
  -1 -4 
  3 -3 
  2 -3 
  1 -3 
  0 -3 
  -1 -3 
  -2 -3 
  4 -2 
  3 -2 
  2 -2 
  1 -2 
  0 -2 
  -1 -2 
  -2 -2 
  -3 -2 
  4 -1 
  3 -1 
  2 -1 
  1 -1 
  0 -1 
  -1 -1 
  -2 -1 
  -3 -1 
  4 0 
  3 0 
  2 0 
  1 0 
  0 0 
  -1 0 
  -2 0 
  -3 0 
  3 1 
  2 1 
  1 1 
  0 1 
  -1 1 
  -2 1 
  3 2 
  2 2 
  1 2 
  0 2 
  -1 2 
  -2 2 ;
AreaPerTest 2.26491e+009;
TestParametersSpec 2
  PIXELSIZE    SAMPLEPERCENTAGE  ;
TestParametersList
  0.25    0  ;
DefectClusterSpec 3
  THRESHOLD    MINSIZE    MERGETOL  ;
DefectClusterSetup 
  0    3    3  ;
DefectRecordSpec 19 DEFECTID X Y XREL YREL XINDEX YINDEX XSIZE YSIZE DEFECTAREA DSIZE CLASSNUMBER TEST CLUSTERNUMBER ROUGHBINNUMBER FINEBINNUMBER REVIEWSAMPLE IMAGECOUNT IMAGELIST ;
DefectList
 1 -34479.734 67760.492 9428.513 20895.557 -1 2 1.498 1.995 0.539 0.734 0 1 1 0 0 0 0 0
 2 -34620.050 67372.875 9288.197 20507.940 -1 2 0.499 0.498 0.284 0.498 0 1 1 0 0 0 0 0
 3 -34632.406 67339.953 9275.841 20475.018 -1 2 2.247 4.489 4.708 2.169 0 1 1 0 0 0 0 0
 4 -34641.175 67313.562 9267.072 20448.628 -1 2 0.749 1.247 0.330 0.574 0 1 1 0 0 0 0 0
 5 11244.350 66143.187 11313.858 19278.253 1 2 4.244 2.743 0.429 0.654 0 1 4 0 0 1 0 0
 6 11262.202 66151.671 11331.709 19286.737 1 2 0.998 0.748 0.403 0.634 0 1 4 0 0 1 0 0
 7 11249.343 66145.687 11318.851 19280.753 1 2 0.749 0.748 0.378 0.614 0 1 4 0 0 1 0 0
 8 -12228.334 65381.640 9760.543 18516.706 0 2 0.249 0.498 0.183 0.249 0 1 3 0 0 1 0 0
 9 -11588.932 65093.175 10399.945 18228.241 0 2 1.248 0.748 0.510 0.714 0 1 3 0 0 1 0 0
 10 -11558.722 65094.796 10430.155 18229.862 0 2 0.749 0.498 0.403 0.498 0 1 3 0 0 1 0 0
 11 -33095.351 64178.972 10812.896 17314.038 -1 2 2.996 1.247 0.307 0.553 0 1 1 0 0 0 0 0
 12 -33056.777 64191.195 10851.470 17326.261 -1 2 1.248 1.746 0.598 0.773 0 1 1 0 0 1 0 0
 13 -62249.625 64184.085 3577.993 17319.151 -2 2 4.244 1.995 4.904 1.995 0 1 6 0 0 1 0 0
 14 -62183.089 64214.640 3644.528 17349.706 -2 2 2.996 1.247 0.598 0.773 0 1 6 0 0 1 0 0
 15 -62115.304 64245.070 3712.313 17380.136 -2 2 1.747 0.748 0.568 0.748 0 1 6 0 0 1 0 0
 16 -41369.347 63616.921 2538.900 16751.987 -1 2 0.499 0.498 0.242 0.491 0 1 1 0 0 0 0 0
 17 -41373.371 63449.472 2534.877 16584.538 -1 2 0.998 1.247 0.354 0.594 0 1 1 0 0 0 0 0
 18 -41359.765 63403.203 2548.482 16538.268 -1 2 1.248 1.496 0.403 0.634 0 1 1 0 0 0 0 0
 19 -33491.046 62138.597 10417.201 15273.663 -1 2 5.992 2.244 7.258 2.244 0 1 1 0 0 1 0 0
 20 -35608.019 61589.144 8300.228 14724.210 -1 2 3.994 2.244 4.806 2.192 0 1 1 0 0 0 0 0
 21 -35547.972 61604.980 8360.275 14740.046 -1 2 1.248 0.997 0.834 0.913 0 1 1 0 0 0 0 0
 22 -35532.617 61608.847 8375.631 14743.913 -1 2 5.492 1.746 3.335 1.746 0 1 1 0 0 0 0 0
 23 -35537.238 61607.476 8371.009 14742.542 -1 2 0.249 0.498 0.539 0.249 0 1 1 0 0 0 0 0
 24 -35319.652 61661.726 8588.595 14796.792 -1 2 0.249 0.249 0.165 0.249 0 1 1 0 0 0 0 0
 25 -57210.433 45494.582 8617.184 20549.230 -2 1 0.499 0.748 0.263 0.499 0 1 0 0 0 1 0 0
 26 -60818.148 39938.031 5009.469 14992.679 -2 1 2.496 2.993 2.795 1.671 0 1 0 0 0 1 0 0
 27 -17977.976 22566.257 4010.901 19540.489 0 0 1.747 1.995 0.598 0.773 0 1 0 0 0 1 0 0
 28 32866.574 21656.296 11016.711 18630.528 2 0 1.498 2.244 0.483 0.694 0 1 0 0 0 1 0 0
 29 -40558.382 21157.853 3349.865 18132.084 -1 0 0.499 0.249 0.183 0.249 0 1 0 0 0 1 0 0
 30 4620.106 20173.105 4689.614 17147.336 1 0 1.248 1.496 0.629 0.793 0 1 0 0 0 1 0 0
 31 68470.664 18530.236 2782.061 15504.467 4 0 0.749 0.997 0.202 0.449 0 1 0 0 0 1 0 0
 32 87087.773 9489.088 21399.170 6463.320 4 0 1.498 0.748 0.483 0.694 0 1 0 0 0 1 0 0
 33 31455.271 -1916.962 9605.409 16976.851 2 -1 0.499 0.498 0.202 0.449 0 1 2 0 0 1 0 0
 34 31316.580 -1956.247 9466.717 16937.566 2 -1 1.747 1.247 0.354 0.594 0 1 2 0 0 1 0 0
 35 31284.873 -1965.227 9435.010 16928.586 2 -1 1.248 0.249 0.242 0.249 0 1 2 0 0 1 0 0
 36 -61171.550 -20128.732 4656.067 20684.664 -2 -2 1.747 2.743 3.825 1.747 0 1 0 0 0 1 0 0
 37 52043.695 -21887.417 8274.462 18925.979 3 -2 1.498 0.997 0.378 0.614 0 1 0 0 0 1 0 0
 38 77341.523 -22499.228 11652.920 18314.168 4 -2 0.998 0.997 0.354 0.594 0 1 0 0 0 1 0 0
 39 77312.187 -22460.941 11623.584 18352.455 4 -2 0.749 0.748 0.263 0.512 0 1 0 0 0 1 0 0
 40 52927.390 -42338.234 9158.158 20394.745 3 -3 1.248 1.247 0.455 0.674 0 1 0 0 0 1 0 0
 41 -33835.632 -43659.753 10072.615 19073.225 -1 -3 0.499 0.498 0.263 0.498 0 1 0 0 0 1 0 0
 42 -14410.250 -44777.699 7578.628 17955.280 0 -3 0.499 0.498 0.183 0.427 0 1 0 0 0 1 0 0
 43 -13466.598 -64027.757 8522.279 20624.804 0 -4 0.499 0.498 0.202 0.449 0 1 0 0 0 0 0 0
 44 -17685.275 -67394.898 4303.602 17257.664 0 -4 2.746 0.997 0.539 0.734 0 1 5 0 0 1 0 0
 45 -17825.339 -67340.023 4163.538 17312.539 0 -4 0.749 0.997 0.638 0.749 0 1 5 0 0 1 0 0
 46 -17818.347 -67343.265 4170.530 17309.296 0 -4 0.749 0.997 0.725 0.749 0 1 5 0 0 1 0 0;
SummarySpec 5
  TESTNO    NDEFECT    DEFDENSITY    NDIE    NDEFDIE  ;
SummaryList 
  1    46    2.031    46    17  ;
EndOfFile;
