FileVersion 1 2;
FileTimestamp 11-21-19 17:30:10;
InspectionStationID "KLA_TENCOR" "KLA2139" "E1171";
SampleType WAFER;
ResultTimestamp 11-21-19 12:11:52;
LotID "F19310002.F1";
SampleSize 1 200;
DeviceID "SH01T";
SetupID "SH01T_POLY" 11-21-19 12:09:28;
StepID "POLY";
ResultsID "F19310002.F1";
SampleOrientationMarkType NOTCH;
OrientationMarkLocation DOWN;
DiePitch 21919.4 21919.6;
DieOrigin 0 0;
WaferID "03";
Slot 3;
SampleCenterLocation 21988.9 -3025.77;
InspectionTest 1;
SampleTestPlan 46
  2 -4 
  1 -4 
  0 -4 
  -1 -4 
  3 -3 
  2 -3 
  1 -3 
  0 -3 
  -1 -3 
  -2 -3 
  4 -2 
  3 -2 
  2 -2 
  1 -2 
  0 -2 
  -1 -2 
  -2 -2 
  -3 -2 
  4 -1 
  3 -1 
  2 -1 
  1 -1 
  0 -1 
  -1 -1 
  -2 -1 
  -3 -1 
  4 0 
  3 0 
  2 0 
  1 0 
  0 0 
  -1 0 
  -2 0 
  -3 0 
  3 1 
  2 1 
  1 1 
  0 1 
  -1 1 
  -2 1 
  3 2 
  2 2 
  1 2 
  0 2 
  -1 2 
  -2 2 ;
AreaPerTest 2.26491e+009;
TestParametersSpec 2
  PIXELSIZE    SAMPLEPERCENTAGE  ;
TestParametersList
  0.25    0  ;
DefectClusterSpec 3
  THRESHOLD    MINSIZE    MERGETOL  ;
DefectClusterSetup 
  0    4    3  ;
DefectRecordSpec 19 DEFECTID X Y XREL YREL XINDEX YINDEX XSIZE YSIZE DEFECTAREA DSIZE CLASSNUMBER TEST CLUSTERNUMBER ROUGHBINNUMBER FINEBINNUMBER REVIEWSAMPLE IMAGECOUNT IMAGELIST ;
DefectList
 1 8043.752 67601.984 8113.260 20737.050 1 2 3.245 1.746 4.119 1.746 0 1 0 0 0 1 0 0
 2 -17678.984 64412.937 4309.893 17548.003 0 2 1.248 1.247 0.403 0.634 0 1 0 0 0 1 0 0
 3 -20060.441 63775.062 1928.436 16910.128 0 2 2.247 0.997 0.330 0.574 0 1 0 0 0 1 0 0
 4 -20319.347 63709.710 1669.530 16844.776 0 2 1.248 0.498 0.330 0.498 0 1 0 0 0 1 0 0
 5 -12131.216 45443.562 9857.661 20498.211 0 1 0.249 0.249 0.165 0.249 0 1 0 0 0 1 0 0
 6 48349.355 45334.609 4580.122 20389.257 3 1 2.496 2.494 4.414 2.100 0 1 0 0 0 1 0 0
 7 1780.300 44880.691 1849.808 19935.340 1 1 3.994 2.494 8.239 2.494 0 1 0 0 0 1 0 0
 8 -62917.792 43642.226 2909.825 18696.875 -2 1 1.997 2.993 4.463 1.997 0 1 0 0 0 1 0 0
 9 55324.847 42728.527 11555.615 17783.175 3 1 0.249 0.498 0.202 0.249 0 1 0 0 0 1 0 0
 10 -86445.617 22629.986 1301.371 19604.217 -3 0 0.499 0.498 0.183 0.427 0 1 1 0 0 0 0 0
 11 -86094.578 22552.539 1652.410 19526.770 -3 0 0.998 1.247 0.403 0.634 0 1 1 0 0 0 0 0
 12 -84703.312 22173.199 3043.676 19147.430 -3 0 0.749 0.997 0.378 0.614 0 1 1 0 0 1 0 0
 13 -84739.515 22144.263 3007.472 19118.495 -3 0 1.248 1.496 1.569 1.248 0 1 1 0 0 0 0 0
 14 -84771.851 22157.734 2975.137 19131.965 -3 0 1.997 1.496 0.598 0.773 0 1 1 0 0 0 0 0
 15 -84815.789 22228.072 2931.199 19202.303 -3 0 0.499 0.498 0.221 0.470 0 1 1 0 0 0 0 0
 16 -84902.179 22234.808 2844.808 19209.039 -3 0 0.998 0.997 0.455 0.674 0 1 1 0 0 0 0 0
 17 -85128.250 22184.921 2618.738 19159.153 -3 0 0.749 0.997 0.429 0.654 0 1 1 0 0 0 0 0
 18 -85965.390 22251.894 1781.597 19226.125 -3 0 0.249 0.249 0.165 0.249 0 1 1 0 0 0 0 0
 19 76197.085 21652.306 10508.483 18626.538 4 0 1.248 0.997 0.568 0.753 0 1 3 0 0 1 0 0
 20 76201.203 21649.935 10512.600 18624.166 4 0 0.998 1.247 1.226 0.998 0 1 3 0 0 1 0 0
 21 76244.273 21621.126 10555.670 18595.358 4 0 1.248 1.995 0.429 0.654 0 1 3 0 0 0 0 0
 22 -84058.156 21998.390 3688.832 18972.622 -3 0 0.749 0.748 0.330 0.574 0 1 1 0 0 0 0 0
 23 -84070.265 21856.091 3676.722 18830.323 -3 0 1.498 1.496 0.568 0.753 0 1 1 0 0 0 0 0
 24 -83813.851 21886.023 3933.137 18860.254 -3 0 0.998 0.997 0.378 0.614 0 1 1 0 0 0 0 0
 25 -83727.468 21885.523 4019.519 18859.754 -3 0 1.498 1.496 0.284 0.533 0 1 1 0 0 0 0 0
 26 -83698.882 21741.228 4048.105 18715.459 -3 0 3.245 2.244 2.109 1.452 0 1 1 0 0 0 0 0
 27 -83575.171 21744.345 4171.816 18718.577 -3 0 1.997 1.995 2.697 1.642 0 1 1 0 0 0 0 0
 28 -83397.156 21754.822 4349.832 18729.053 -3 0 0.499 0.498 0.221 0.470 0 1 1 0 0 0 0 0
 29 -83313.765 21743.597 4433.222 18717.829 -3 0 0.499 0.498 0.263 0.498 0 1 1 0 0 1 0 0
 30 -82811.437 21813.687 4935.551 18787.918 -3 0 1.498 1.995 2.207 1.485 0 1 1 0 0 0 0 0
 31 -82813.429 21799.595 4933.558 18773.827 -3 0 3.994 2.743 4.365 2.089 0 1 1 0 0 0 0 0
 32 -82828.679 21341.808 4918.308 18316.039 -3 0 0.998 0.997 0.539 0.734 0 1 1 0 0 0 0 0
 33 -82866.375 21452.306 4880.613 18426.538 -3 0 0.499 0.498 0.221 0.470 0 1 1 0 0 0 0 0
 34 -82958.257 21457.669 4788.730 18431.901 -3 0 0.499 0.748 0.242 0.491 0 1 1 0 0 0 0 0
 35 76258.367 21607.701 10569.764 18581.932 4 0 0.499 0.498 0.510 0.498 0 1 3 0 0 1 0 0
 36 -79520.046 20694.828 8226.941 17669.059 -3 0 0.998 1.247 0.660 0.812 0 1 1 0 0 0 0 0
 37 53725.691 20228.310 9956.458 17202.541 3 0 0.749 0.997 0.403 0.634 0 1 0 0 0 1 0 0
 38 -78466.210 20383.083 9280.777 17357.315 -3 0 0.998 1.247 0.455 0.674 0 1 1 0 0 0 0 0
 39 -78644.101 20451.302 9102.887 17425.534 -3 0 0.749 0.498 0.378 0.498 0 1 1 0 0 0 0 0
 40 -78969.671 20490.462 8777.316 17464.694 -3 0 0.749 0.498 0.354 0.498 0 1 1 0 0 0 0 0
 41 -78986.148 20478.490 8760.840 17452.721 -3 0 0.749 0.498 0.307 0.498 0 1 1 0 0 0 0 0
 42 -79300.851 20594.849 8446.137 17569.081 -3 0 0.499 0.748 0.284 0.499 0 1 1 0 0 0 0 0
 43 -79633.039 20677.412 8113.949 17651.643 -3 0 0.249 0.249 0.221 0.249 0 1 1 0 0 0 0 0
 44 -78523.742 19942.134 9223.246 16916.366 -3 0 0.749 0.748 0.330 0.574 0 1 1 0 0 0 0 0
 45 -78007.804 19835.501 9739.183 16809.733 -3 0 0.499 0.498 0.263 0.498 0 1 1 0 0 1 0 0
 46 -77566.140 20016.587 10180.847 16990.819 -3 0 0.499 0.498 0.263 0.498 0 1 1 0 0 0 0 0
 47 -76845.718 19924.298 10901.269 16898.530 -3 0 0.749 0.997 0.354 0.594 0 1 1 0 0 0 0 0
 48 -76737.117 19884.015 11009.871 16858.247 -3 0 0.249 0.249 0.221 0.249 0 1 1 0 0 0 0 0
 49 -76342.890 19857.451 11404.097 16831.682 -3 0 1.248 1.496 0.598 0.773 0 1 1 0 0 0 0 0
 50 -76760.710 19155.640 10986.277 16129.872 -3 0 1.997 1.746 2.795 1.671 0 1 1 0 0 0 0 0
 51 -77549.804 18769.314 10197.183 15743.545 -3 0 0.749 0.997 0.429 0.654 0 1 1 0 0 0 0 0
 52 -41910.812 556.175 1997.435 19449.989 -1 -1 0.998 1.247 0.330 0.574 0 1 0 0 0 1 0 0
 53 45590.730 -3080.594 1821.497 15813.219 3 -1 1.248 6.984 5.247 1.248 0 1 2 0 0 1 0 0
 54 45591.230 -3089.698 1821.997 15804.115 3 -1 0.749 1.247 0.483 0.694 0 1 2 0 0 0 0 0
 55 45596.988 -3157.750 1827.755 15736.063 3 -1 0.249 0.498 0.307 0.249 0 1 2 0 0 0 0 0
 56 45606.847 -3293.441 1837.615 15600.373 3 -1 0.499 0.498 0.165 0.405 0 1 2 0 0 0 0 0
 57 45608.972 -3324.245 1839.740 15569.568 3 -1 0.749 0.748 0.378 0.614 0 1 2 0 0 0 0 0
 58 45611.093 -3354.801 1841.861 15539.013 3 -1 0.499 0.498 0.307 0.498 0 1 2 0 0 1 0 0
 59 45613.214 -3386.478 1843.982 15507.335 3 -1 0.749 0.997 0.378 0.614 0 1 2 0 0 1 0 0
 60 -76137.789 -3321.127 11609.199 15572.686 -3 -1 2.996 1.995 2.844 1.686 0 1 0 0 0 1 0 0
 61 -78860.687 -7709.840 8886.301 11183.973 -3 -1 0.499 1.496 0.263 0.499 0 1 0 0 0 1 0 0
 62 30178.253 -22738.388 8328.391 18075.008 2 -2 0.749 0.748 0.284 0.533 0 1 0 0 0 1 0 0
 63 45431.457 -25687.273 1662.224 15126.123 3 -2 0.749 0.997 0.330 0.574 0 1 0 0 0 1 0 0
 64 -86190.578 -25618.554 1556.410 15194.842 -3 -2 2.247 2.244 3.629 1.904 0 1 0 0 0 1 0 0
 65 29675.224 -65387.527 7825.362 19265.035 2 -4 1.248 0.997 0.330 0.574 0 1 0 0 0 1 0 0
 66 26626.392 -67178.765 4776.530 17473.796 2 -4 1.498 0.748 0.242 0.491 0 1 0 0 0 1 0 0
 67 -41098.207 -67520.937 2810.041 17131.625 -1 -4 3.495 2.244 3.335 1.826 0 1 4 0 0 0 0 0
 68 -41101.699 -67521.437 2806.548 17131.125 -1 -4 0.499 0.748 0.378 0.499 0 1 4 0 0 0 0 0
 69 -40235.226 -68842.835 3673.021 15809.726 -1 -4 9.737 1.746 10.004 1.746 0 1 4 0 0 1 0 0
 70 -40242.964 -68843.335 3665.283 15809.226 -1 -4 2.247 0.748 0.629 0.748 0 1 4 0 0 0 0 0
 71 -40226.238 -68841.210 3682.009 15811.351 -1 -4 0.249 0.498 0.598 0.249 0 1 4 0 0 0 0 0
 72 -40179.921 -68836.101 3728.326 15816.461 -1 -4 0.249 0.249 0.510 0.249 0 1 4 0 0 0 0 0
 73 -40186.789 -68837.101 3721.459 15815.461 -1 -4 0.749 1.247 0.883 0.749 0 1 4 0 0 1 0 0
 74 -40470.917 -68865.992 3437.330 15786.570 -1 -4 0.998 0.997 0.510 0.714 0 1 4 0 0 1 0 0
 75 -40540.574 -68873.101 3367.673 15779.461 -1 -4 0.499 0.249 0.263 0.249 0 1 4 0 0 0 0 0
 76 -40545.320 -68873.593 3362.927 15778.968 -1 -4 0.499 0.249 0.284 0.249 0 1 4 0 0 0 0 0;
SummarySpec 5
  TESTNO    NDEFECT    DEFDENSITY    NDIE    NDEFDIE  ;
SummaryList 
  1    76    3.356    46    17  ;
EndOfFile;
