FileVersion 1 2;
FileTimestamp 11-21-19 17:32:50;
InspectionStationID "KLA_TENCOR" "KLA2139" "E1171";
SampleType WAFER;
ResultTimestamp 11-21-19 12:11:52;
LotID "F19310002.F1";
SampleSize 1 200;
DeviceID "SH01T";
SetupID "SH01T_POLY" 11-21-19 12:09:28;
StepID "POLY";
ResultsID "F19310002.F1";
SampleOrientationMarkType NOTCH;
OrientationMarkLocation DOWN;
DiePitch 21919.4 21919.6;
DieOrigin 0 0;
WaferID "12";
Slot 12;
SampleCenterLocation 21988.9 -3025.77;
InspectionTest 1;
SampleTestPlan 46
  2 -4 
  1 -4 
  0 -4 
  -1 -4 
  3 -3 
  2 -3 
  1 -3 
  0 -3 
  -1 -3 
  -2 -3 
  4 -2 
  3 -2 
  2 -2 
  1 -2 
  0 -2 
  -1 -2 
  -2 -2 
  -3 -2 
  4 -1 
  3 -1 
  2 -1 
  1 -1 
  0 -1 
  -1 -1 
  -2 -1 
  -3 -1 
  4 0 
  3 0 
  2 0 
  1 0 
  0 0 
  -1 0 
  -2 0 
  -3 0 
  3 1 
  2 1 
  1 1 
  0 1 
  -1 1 
  -2 1 
  3 2 
  2 2 
  1 2 
  0 2 
  -1 2 
  -2 2 ;
AreaPerTest 2.26491e+009;
TestParametersSpec 2
  PIXELSIZE    SAMPLEPERCENTAGE  ;
TestParametersList
  0.25    0  ;
DefectClusterSpec 3
  THRESHOLD    MINSIZE    MERGETOL  ;
DefectClusterSetup 
  0    4    3  ;
DefectRecordSpec 19 DEFECTID X Y XREL YREL XINDEX YINDEX XSIZE YSIZE DEFECTAREA DSIZE CLASSNUMBER TEST CLUSTERNUMBER ROUGHBINNUMBER FINEBINNUMBER REVIEWSAMPLE IMAGECOUNT IMAGELIST ;
DefectList
 1 31019.855 67588.265 9169.993 20723.331 2 2 0.499 0.748 0.284 0.499 0 1 0 0 0 1 0 0
 2 -34046.601 65391.867 9861.646 18526.932 -1 2 0.499 0.498 0.202 0.449 0 1 3 0 0 0 0 0
 3 -20537.960 65022.710 1450.917 18157.776 0 2 0.499 0.498 0.242 0.491 0 1 0 0 0 1 0 0
 4 -34345.453 64074.710 9562.795 17209.776 -1 2 0.499 0.748 0.455 0.499 0 1 3 0 0 0 0 0
 5 -34346.203 64068.972 9562.045 17204.038 -1 2 0.998 1.247 0.660 0.812 0 1 3 0 0 0 0 0
 6 -34336.339 64108.007 9571.908 17243.073 -1 2 0.749 0.997 0.660 0.749 0 1 3 0 0 0 0 0
 7 -34341.460 64089.425 9566.787 17224.491 -1 2 0.499 0.249 0.455 0.249 0 1 3 0 0 0 0 0
 8 -34368.214 64013.144 9540.033 17148.210 -1 2 0.249 0.249 0.284 0.249 0 1 3 0 0 0 0 0
 9 -34415.777 63801.378 9492.470 16936.444 -1 2 0.499 0.997 0.629 0.499 0 1 3 0 0 0 0 0
 10 -34426.886 63738.394 9481.361 16873.460 -1 2 0.749 0.748 0.692 0.748 0 1 3 0 0 0 0 0
 11 -34428.257 63731.910 9479.990 16866.975 -1 2 0.499 0.249 0.510 0.249 0 1 3 0 0 0 0 0
 12 -34430.007 63725.675 9478.240 16860.741 -1 2 0.499 0.249 0.539 0.249 0 1 3 0 0 0 0 0
 13 -34431.628 63718.441 9476.619 16853.507 -1 2 0.749 0.249 0.598 0.249 0 1 3 0 0 0 0 0
 14 -34440.242 63685.390 9468.006 16820.456 -1 2 0.249 0.249 0.510 0.249 0 1 3 0 0 0 0 0
 15 -34444.863 63669.179 9463.384 16804.245 -1 2 0.749 2.494 1.716 0.749 0 1 3 0 0 0 0 0
 16 -34445.859 63655.835 9462.388 16790.901 -1 2 1.248 3.242 3.090 1.248 0 1 3 0 0 0 0 0
 17 -34450.105 63639.621 9458.142 16774.686 -1 2 0.749 0.748 0.629 0.748 0 1 3 0 0 0 0 0
 18 -34454.722 63622.035 9453.525 16757.100 -1 2 0.998 1.496 0.981 0.990 0 1 3 0 0 1 0 0
 19 -40122.417 63154.773 3785.830 16289.839 -1 2 0.749 0.498 0.202 0.449 0 1 0 0 0 0 0 0
 20 -34529.335 63297.320 9378.912 16432.386 -1 2 1.248 0.748 0.307 0.553 0 1 3 0 0 0 0 0
 21 -34537.199 63267.265 9371.048 16402.331 -1 2 0.499 0.249 0.263 0.249 0 1 3 0 0 0 0 0
 22 -34498.000 63430.144 9410.248 16565.210 -1 2 0.998 1.496 0.758 0.870 0 1 3 0 0 0 0 0
 23 -34501.246 63418.542 9407.002 16553.608 -1 2 0.499 0.748 0.598 0.499 0 1 3 0 0 0 0 0
 24 -34506.738 63397.843 9401.509 16532.909 -1 2 1.498 0.748 0.660 0.748 0 1 3 0 0 0 0 0
 25 -34471.285 63549.871 9436.963 16684.936 -1 2 1.498 3.492 3.335 1.498 0 1 3 0 0 0 0 0
 26 -34472.160 63542.886 9436.088 16677.952 -1 2 1.248 1.496 1.471 1.212 0 1 3 0 0 0 0 0
 27 -34477.402 63524.179 9430.845 16659.245 -1 2 0.749 0.997 0.758 0.749 0 1 3 0 0 0 0 0
 28 -34484.644 63487.261 9423.603 16622.327 -1 2 1.747 2.993 2.501 1.581 0 1 3 0 0 1 0 0
 29 -34490.636 63462.695 9417.611 16597.761 -1 2 1.248 0.748 0.598 0.748 0 1 3 0 0 1 0 0
 30 -34460.050 63590.152 9448.197 16725.218 -1 2 0.499 0.249 0.568 0.249 0 1 3 0 0 0 0 0
 31 -34462.671 63580.175 9445.576 16715.241 -1 2 0.249 0.748 0.568 0.249 0 1 3 0 0 0 0 0
 32 -34465.542 63563.714 9442.705 16698.780 -1 2 2.496 1.247 2.403 1.247 0 1 3 0 0 0 0 0
 33 -34588.796 63061.777 9319.451 16196.843 -1 2 0.998 1.247 0.598 0.773 0 1 3 0 0 0 0 0
 34 -34599.156 63022.992 9309.091 16158.057 -1 2 0.749 0.997 0.378 0.614 0 1 3 0 0 0 0 0
 35 -34603.402 63008.398 9304.845 16143.464 -1 2 0.749 0.748 0.307 0.553 0 1 3 0 0 0 0 0
 36 -39601.023 61836.285 4307.224 14971.350 -1 2 2.247 5.736 8.435 2.247 0 1 0 0 0 0 0 0
 37 -40925.976 43715.562 2982.271 18770.211 -1 1 0.998 0.997 0.354 0.594 0 1 0 0 0 0 0 0
 38 -33463.000 43726.785 10445.248 18781.433 -1 1 0.749 0.997 0.429 0.654 0 1 1 0 0 1 0 0
 39 -33456.132 43726.660 10452.115 18781.308 -1 1 0.998 0.748 0.598 0.748 0 1 1 0 0 0 0 0
 40 -33431.042 43716.058 10477.205 18770.707 -1 1 0.749 0.997 0.598 0.749 0 1 1 0 0 1 0 0
 41 -33407.574 43710.945 10500.673 18765.593 -1 1 1.747 0.748 0.510 0.714 0 1 1 0 0 0 0 0
 42 -33304.335 43684.007 10603.912 18738.656 -1 1 0.499 0.249 0.483 0.249 0 1 1 0 0 0 0 0
 43 -33298.093 43682.386 10610.154 18737.035 -1 1 0.499 0.498 0.568 0.498 0 1 1 0 0 0 0 0
 44 -33226.812 43663.929 10681.435 18718.578 -1 1 3.245 0.997 0.510 0.714 0 1 1 0 0 0 0 0
 45 -33221.695 43662.683 10686.552 18717.332 -1 1 0.998 0.997 0.598 0.773 0 1 1 0 0 0 0 0
 46 -33196.351 43656.195 10711.896 18710.843 -1 1 0.249 0.249 0.510 0.249 0 1 1 0 0 0 0 0
 47 -33189.738 43654.449 10718.509 18709.097 -1 1 0.249 0.249 0.483 0.249 0 1 1 0 0 0 0 0
 48 -33186.117 43653.578 10722.131 18708.226 -1 1 1.747 0.748 0.692 0.748 0 1 1 0 0 0 0 0
 49 -33145.796 43643.101 10762.451 18697.750 -1 1 0.499 0.249 0.483 0.249 0 1 1 0 0 0 0 0
 50 -32913.226 43583.613 10995.021 18638.261 -1 1 0.749 0.997 0.483 0.694 0 1 1 0 0 1 0 0
 51 -32523.660 43478.148 11384.588 18532.797 -1 1 2.247 1.496 0.660 0.812 0 1 1 0 0 0 0 0
 52 -32555.992 43490.492 11352.256 18545.140 -1 1 0.998 0.748 0.660 0.748 0 1 1 0 0 0 0 0
 53 -32569.099 43493.984 11339.148 18548.632 -1 1 4.244 1.746 4.119 1.746 0 1 1 0 0 0 0 0
 54 -83795.398 20110.250 3951.590 17084.481 -3 0 0.499 0.997 0.568 0.499 0 1 0 0 0 1 0 0
 55 -35046.953 13782.095 8861.295 10756.327 -1 0 0.499 0.249 0.221 0.249 0 1 0 0 0 1 0 0
 56 73285.945 1915.315 7597.342 20809.129 4 -1 0.249 0.249 0.165 0.249 0 1 0 0 0 1 0 0
 57 75250.875 -3279.348 9562.272 15614.466 4 -1 0.249 1.995 0.263 0.249 0 1 0 0 0 1 0 0
 58 75261.484 -3316.513 9572.881 15577.301 4 -1 0.499 0.498 0.202 0.449 0 1 0 0 0 0 0 0
 59 86735.765 -11947.409 21047.162 6946.405 4 -1 1.498 1.247 1.471 1.212 0 1 0 0 0 1 0 0
 60 -4704.897 -15713.019 17283.980 3180.794 0 -1 0.499 0.748 0.221 0.470 0 1 0 0 0 1 0 0
 61 -57066.328 -20548.851 8761.290 20264.545 -2 -2 1.498 1.496 0.725 0.851 0 1 0 0 0 1 0 0
 62 -35826.078 -22530.781 8082.170 18282.615 -1 -2 0.749 0.997 0.242 0.491 0 1 0 0 0 1 0 0
 63 -33405.753 -25608.951 10502.494 15204.445 -1 -2 0.249 0.748 0.183 0.249 0 1 0 0 0 1 0 0
 64 53675.285 -25952.623 9906.052 14860.773 3 -2 0.499 0.748 0.242 0.491 0 1 0 0 0 1 0 0
 65 8086.774 -66885.601 8156.282 17766.961 1 -4 0.499 0.498 0.221 0.470 0 1 2 0 0 0 0 0
 66 8183.271 -66879.617 8252.779 17772.945 1 -4 0.749 0.498 0.221 0.470 0 1 2 0 0 0 0 0
 67 8216.103 -66877.492 8285.611 17775.070 1 -4 0.998 0.748 0.263 0.512 0 1 2 0 0 1 0 0
 68 8279.019 -66874.375 8348.527 17778.187 1 -4 0.499 0.498 0.202 0.449 0 1 2 0 0 1 0 0
 69 8462.526 -66862.031 8532.034 17790.531 1 -4 2.496 1.247 2.550 1.247 0 1 2 0 0 1 0 0
 70 24508.205 -68883.453 2658.342 15769.109 2 -4 0.249 0.249 0.165 0.249 0 1 0 0 0 1 0 0;
SummarySpec 5
  TESTNO    NDEFECT    DEFDENSITY    NDIE    NDEFDIE  ;
SummaryList 
  1    70    3.091    46    17  ;
EndOfFile;
