FileVersion 1 2;
FileTimestamp 11-21-19 17:30:50;
InspectionStationID "KLA_TENCOR" "KLA2139" "E1171";
SampleType WAFER;
ResultTimestamp 11-21-19 12:11:52;
LotID "F19310002.F1";
SampleSize 1 200;
DeviceID "SH01T";
SetupID "SH01T_POLY" 11-21-19 12:09:28;
StepID "POLY";
ResultsID "F19310002.F1";
SampleOrientationMarkType NOTCH;
OrientationMarkLocation DOWN;
DiePitch 21919.4 21919.6;
DieOrigin 0 0;
WaferID "05";
Slot 5;
SampleCenterLocation 21988.9 -3025.77;
InspectionTest 1;
SampleTestPlan 46
  2 -4 
  1 -4 
  0 -4 
  -1 -4 
  3 -3 
  2 -3 
  1 -3 
  0 -3 
  -1 -3 
  -2 -3 
  4 -2 
  3 -2 
  2 -2 
  1 -2 
  0 -2 
  -1 -2 
  -2 -2 
  -3 -2 
  4 -1 
  3 -1 
  2 -1 
  1 -1 
  0 -1 
  -1 -1 
  -2 -1 
  -3 -1 
  4 0 
  3 0 
  2 0 
  1 0 
  0 0 
  -1 0 
  -2 0 
  -3 0 
  3 1 
  2 1 
  1 1 
  0 1 
  -1 1 
  -2 1 
  3 2 
  2 2 
  1 2 
  0 2 
  -1 2 
  -2 2 ;
AreaPerTest 2.26491e+009;
TestParametersSpec 2
  PIXELSIZE    SAMPLEPERCENTAGE  ;
TestParametersList
  0.25    0  ;
DefectClusterSpec 3
  THRESHOLD    MINSIZE    MERGETOL  ;
DefectClusterSetup 
  0    3    3  ;
DefectRecordSpec 19 DEFECTID X Y XREL YREL XINDEX YINDEX XSIZE YSIZE DEFECTAREA DSIZE CLASSNUMBER TEST CLUSTERNUMBER ROUGHBINNUMBER FINEBINNUMBER REVIEWSAMPLE IMAGECOUNT IMAGELIST ;
DefectList
 1 9757.759 67589.132 9827.267 20724.198 1 2 0.499 0.748 0.263 0.499 0 1 0 0 0 1 0 0
 2 3624.020 66056.390 3693.528 19191.456 1 2 0.249 0.498 0.183 0.249 0 1 0 0 0 1 0 0
 3 -38843.484 64783.050 5064.763 17918.116 -1 2 0.249 0.748 0.568 0.249 0 1 2 0 0 0 0 0
 4 -38849.726 64779.558 5058.521 17914.624 -1 2 2.247 1.247 0.660 0.812 0 1 2 0 0 0 0 0
 5 -38861.585 64772.699 5046.662 17907.765 -1 2 2.496 0.997 0.568 0.753 0 1 2 0 0 1 0 0
 6 -38903.777 64750.000 5004.470 17885.065 -1 2 2.496 1.496 0.758 0.870 0 1 2 0 0 1 0 0
 7 -39668.511 64356.070 4239.736 17491.136 -1 2 0.998 0.997 0.354 0.594 0 1 2 0 0 1 0 0
 8 9563.891 42481.507 9633.399 17536.156 1 1 0.249 0.249 0.221 0.249 0 1 0 0 0 1 0 0
 9 -63552.000 42175.082 2275.618 17229.730 -2 1 1.997 1.995 2.648 1.627 0 1 0 0 0 1 0 0
 10 76049.960 23794.988 10361.358 20769.219 4 0 0.499 1.247 0.307 0.499 0 1 0 0 0 1 0 0
 11 -34371.792 22529.884 9536.455 19504.116 -1 0 1.248 1.746 1.765 1.248 0 1 0 0 0 1 0 0
 12 -57632.226 19836.748 8195.391 16810.979 -2 0 0.499 1.247 0.202 0.449 0 1 0 0 0 1 0 0
 13 -85797.539 -1409.788 1949.449 17484.025 -3 -1 1.498 0.249 0.183 0.249 0 1 0 0 0 1 0 0
 14 53806.296 -3437.362 10037.064 15456.451 3 -1 0.998 1.995 0.539 0.734 0 1 0 0 0 1 0 0
 15 -85154.640 -20824.679 2592.347 19988.717 -3 -2 0.499 0.498 0.263 0.498 0 1 0 0 0 1 0 0
 16 32616.980 -23238.078 10767.118 17575.318 2 -2 0.998 0.498 0.629 0.498 0 1 3 0 0 1 0 0
 17 32540.457 -23282.851 10690.594 17530.545 2 -2 0.749 0.748 0.263 0.512 0 1 3 0 0 1 0 0
 18 32350.958 -23394.472 10501.096 17418.924 2 -2 0.249 0.249 0.165 0.249 0 1 3 0 0 1 0 0
 19 -36263.277 -23785.787 7644.970 17027.609 -1 -2 1.248 1.247 0.510 0.714 0 1 0 0 0 1 0 0
 20 31565.628 -23872.712 9715.766 16940.684 2 -2 0.499 0.997 0.202 0.449 0 1 3 0 0 0 0 0
 21 52270.460 -43416.683 8501.228 19316.296 3 -3 0.499 0.498 0.202 0.449 0 1 1 0 0 1 0 0
 22 52263.968 -43420.925 8494.736 19312.054 3 -3 0.998 0.997 0.307 0.553 0 1 1 0 0 1 0 0
 23 52402.535 -43328.886 8633.302 19404.093 3 -3 2.996 1.995 3.433 1.852 0 1 1 0 0 1 0 0
 24 2983.872 -45404.972 3053.380 17328.007 1 -3 1.747 1.247 0.403 0.634 0 1 0 0 0 1 0 0;
SummarySpec 5
  TESTNO    NDEFECT    DEFDENSITY    NDIE    NDEFDIE  ;
SummaryList 
  1    24    1.06    46    17  ;
EndOfFile;
