FileVersion 1 2;
FileTimestamp 11-21-19 17:32:10;
InspectionStationID "KLA_TENCOR" "KLA2139" "E1171";
SampleType WAFER;
ResultTimestamp 11-21-19 12:11:52;
LotID "F19310002.F1";
SampleSize 1 200;
DeviceID "SH01T";
SetupID "SH01T_POLY" 11-21-19 12:09:28;
StepID "POLY";
ResultsID "F19310002.F1";
SampleOrientationMarkType NOTCH;
OrientationMarkLocation DOWN;
DiePitch 21919.4 21919.6;
DieOrigin 0 0;
WaferID "10";
Slot 10;
SampleCenterLocation 21988.9 -3025.77;
InspectionTest 1;
SampleTestPlan 46
  2 -4 
  1 -4 
  0 -4 
  -1 -4 
  3 -3 
  2 -3 
  1 -3 
  0 -3 
  -1 -3 
  -2 -3 
  4 -2 
  3 -2 
  2 -2 
  1 -2 
  0 -2 
  -1 -2 
  -2 -2 
  -3 -2 
  4 -1 
  3 -1 
  2 -1 
  1 -1 
  0 -1 
  -1 -1 
  -2 -1 
  -3 -1 
  4 0 
  3 0 
  2 0 
  1 0 
  0 0 
  -1 0 
  -2 0 
  -3 0 
  3 1 
  2 1 
  1 1 
  0 1 
  -1 1 
  -2 1 
  3 2 
  2 2 
  1 2 
  0 2 
  -1 2 
  -2 2 ;
AreaPerTest 2.26491e+009;
TestParametersSpec 2
  PIXELSIZE    SAMPLEPERCENTAGE  ;
TestParametersList
  0.25    0  ;
DefectClusterSpec 3
  THRESHOLD    MINSIZE    MERGETOL  ;
DefectClusterSetup 
  0    3    3  ;
DefectRecordSpec 19 DEFECTID X Y XREL YREL XINDEX YINDEX XSIZE YSIZE DEFECTAREA DSIZE CLASSNUMBER TEST CLUSTERNUMBER ROUGHBINNUMBER FINEBINNUMBER REVIEWSAMPLE IMAGECOUNT IMAGELIST ;
DefectList
 1 32956.750 67656.859 11106.887 20791.925 2 2 0.749 0.498 0.263 0.498 0 1 0 0 0 1 0 0
 2 52112.304 67783.570 8343.072 20918.636 3 2 1.498 1.496 0.539 0.734 0 1 0 0 0 1 0 0
 3 -40261.890 64946.054 3646.357 18081.120 -1 2 0.749 0.748 0.242 0.491 0 1 0 0 0 1 0 0
 4 9852.934 56835.511 9922.442 9970.577 1 2 0.499 0.748 0.221 0.470 0 1 0 0 0 1 0 0
 5 -57231.218 42479.761 8596.399 17534.410 -2 1 0.749 0.748 0.242 0.491 0 1 0 0 0 1 0 0
 6 -16944.732 40717.457 5044.145 15772.105 0 1 0.249 0.249 0.183 0.249 0 1 0 0 0 1 0 0
 7 53591.964 34595.457 9822.732 9650.105 3 1 0.249 0.249 0.165 0.249 0 1 0 0 0 1 0 0
 8 -77994.765 -7802.004 9752.222 11091.809 -3 -1 0.499 0.748 0.354 0.499 0 1 0 0 0 1 0 0
 9 -78970.828 -9091.432 8776.160 9802.381 -3 -1 0.249 0.249 0.221 0.249 0 1 0 0 0 1 0 0
 10 10484.877 -20988.431 10554.385 19824.965 1 -2 0.499 0.249 0.202 0.249 0 1 0 0 0 1 0 0
 11 74756.906 -25149.792 9068.303 15663.604 4 -2 0.749 0.997 0.483 0.694 0 1 0 0 0 1 0 0
 12 73581.710 -25155.904 7893.108 15657.492 4 -2 0.249 0.249 0.221 0.249 0 1 0 0 0 1 0 0
 13 -78140.320 -30386.654 9606.668 10426.742 -3 -2 0.499 0.748 0.284 0.499 0 1 0 0 0 1 0 0
 14 40139.753 -61364.820 18289.891 1368.159 2 -3 0.749 0.748 0.202 0.449 0 1 0 0 0 1 0 0
 15 25762.199 -64787.812 3912.336 19864.750 2 -4 0.749 0.249 0.284 0.249 0 1 2 0 0 0 0 0
 16 25762.947 -64791.679 3913.084 19860.882 2 -4 1.248 0.498 0.330 0.498 0 1 2 0 0 1 0 0
 17 25765.320 -64798.914 3915.457 19853.648 2 -4 0.998 0.997 0.354 0.594 0 1 2 0 0 1 0 0
 18 25767.191 -64803.902 3917.329 19848.660 2 -4 1.248 0.997 0.510 0.714 0 1 2 0 0 1 0 0
 19 -17362.792 -66524.468 4626.085 18128.093 0 -4 2.746 2.244 2.746 1.657 0 1 1 0 0 0 0 0
 20 -17408.607 -66493.164 4580.270 18159.398 0 -4 0.998 0.997 0.483 0.694 0 1 1 0 0 0 0 0
 21 -17404.363 -66495.789 4584.514 18156.773 0 -4 3.495 2.244 2.746 1.657 0 1 1 0 0 1 0 0
 22 -17341.119 -66536.773 4647.758 18115.789 0 -4 0.249 0.249 0.284 0.249 0 1 1 0 0 0 0 0
 23 -17315.902 -66553.109 4672.975 18099.453 0 -4 0.998 0.498 0.354 0.498 0 1 1 0 0 0 0 0
 24 -17313.656 -66554.859 4675.221 18097.703 0 -4 0.499 0.498 0.354 0.498 0 1 1 0 0 1 0 0
 25 -17021.542 -66759.640 4967.335 17892.921 0 -4 0.499 0.498 0.354 0.498 0 1 1 0 0 1 0 0
 26 19111.214 -83259.460 19180.722 1393.101 1 -4 0.749 1.247 0.539 0.734 0 1 0 0 0 1 0 0
 27 19104.847 -83262.578 19174.355 1389.984 1 -4 0.998 0.997 0.403 0.634 0 1 0 0 0 1 0 0;
SummarySpec 5
  TESTNO    NDEFECT    DEFDENSITY    NDIE    NDEFDIE  ;
SummaryList 
  1    27    1.192    46    17  ;
EndOfFile;
